&CONTROL
  calculation='scf',
  restart_mode='from_scratch',
  prefix='tinhfo2_smoke',
  pseudo_dir='./pseudo/',
  outdir='./tmp/interface_smoke/',
  verbosity='high',
/
&SYSTEM
  ibrav=0,
  nat=162,
  ntyp=4,
  input_dft='PBE',
  ecutwfc=60.0,
  ecutrho=600.0,
  occupations='smearing',
  smearing='mv',
  degauss=0.0100,
/
&ELECTRONS
  conv_thr=1.0e-06,
  electron_maxstep=300,
  mixing_mode='plain',
  mixing_beta=0.20,
  diagonalization='david',
/
ATOMIC_SPECIES
Ti   47.86700  Ti.pbe-spn-rrkjus_psl.1.0.0.UPF
N    14.00670  N.pbe-n-rrkjus_psl.1.0.0.UPF
Hf  178.49000  Hf.pbe-spn-rrkjus_psl.1.0.0.UPF
O    15.99900  O.pbe-n-rrkjus_psl.1.0.0.UPF
CELL_PARAMETERS angstrom
   15.78000000 0.00000000 0.00000000
0.00000000     5.29000000 0.00000000
0.00000000 0.00000000    24.28973724
ATOMIC_POSITIONS angstrom
Ti     0.00000000     0.00000000    -0.00000000
Ti     1.57800000     2.64500000    -0.00000000
Ti     3.15600000     0.00000000    -0.00000000
Ti     4.73400000     2.64500000    -0.00000000
Ti     6.31200000     0.00000000    -0.00000000
Ti     7.89000000     2.64500000    -0.00000000
Ti     9.46800000     0.00000000    -0.00000000
Ti    11.04600000     2.64500000    -0.00000000
Ti    12.62400000     0.00000000    -0.00000000
Ti    14.20200000     2.64500000    -0.00000000
N      0.00000000     3.52666668     1.23524100
N      1.57800000     0.88166668     1.23524100
N      3.15600000     3.52666668     1.23524100
N      4.73400000     0.88166668     1.23524100
N      6.31200000     3.52666668     1.23524100
N      7.89000000     0.88166668     1.23524100
N      9.46800000     3.52666668     1.23524100
N     11.04600000     0.88166668     1.23524100
N     12.62400000     3.52666668     1.23524100
N     14.20200000     0.88166668     1.23524100
Ti     0.00000000     1.76333332     2.47048200
Ti     1.57800000     4.40833332     2.47048200
Ti     3.15600000     1.76333332     2.47048200
Ti     4.73400000     4.40833332     2.47048200
Ti     6.31200000     1.76333332     2.47048200
Ti     7.89000000     4.40833332     2.47048200
Ti     9.46800000     1.76333332     2.47048200
Ti    11.04600000     4.40833332     2.47048200
Ti    12.62400000     1.76333332     2.47048200
Ti    14.20200000     4.40833332     2.47048200
N      0.00000000     0.00000000     3.70572300
N      1.57800000     2.64500000     3.70572300
N      3.15600000     0.00000000     3.70572300
N      4.73400000     2.64500000     3.70572300
N      6.31200000     0.00000000     3.70572300
N      7.89000000     2.64500000     3.70572300
N      9.46800000     0.00000000     3.70572300
N     11.04600000     2.64500000     3.70572300
N     12.62400000     0.00000000     3.70572300
N     14.20200000     2.64500000     3.70572300
Ti     0.00000000     3.52666668     4.94096400
Ti     1.57800000     0.88166668     4.94096400
Ti     3.15600000     3.52666668     4.94096400
Ti     4.73400000     0.88166668     4.94096400
Ti     6.31200000     3.52666668     4.94096400
Ti     7.89000000     0.88166668     4.94096400
Ti     9.46800000     3.52666668     4.94096400
Ti    11.04600000     0.88166668     4.94096400
Ti    12.62400000     3.52666668     4.94096400
Ti    14.20200000     0.88166668     4.94096400
N      0.00000000     1.76333332     6.17620500
N      1.57800000     4.40833332     6.17620500
N      3.15600000     1.76333332     6.17620500
N      4.73400000     4.40833332     6.17620500
N      6.31200000     1.76333332     6.17620500
N      7.89000000     4.40833332     6.17620500
N      9.46800000     1.76333332     6.17620500
N     11.04600000     4.40833332     6.17620500
N     12.62400000     1.76333332     6.17620500
N     14.20200000     4.40833332     6.17620500
Ti     0.00000000     0.00000000     7.41144500
Ti     1.57800000     2.64500000     7.41144500
Ti     3.15600000     0.00000000     7.41144500
Ti     4.73400000     2.64500000     7.41144500
Ti     6.31200000     0.00000000     7.41144500
Ti     7.89000000     2.64500000     7.41144500
Ti     9.46800000     0.00000000     7.41144500
Ti    11.04600000     2.64500000     7.41144500
Ti    12.62400000     0.00000000     7.41144500
Ti    14.20200000     2.64500000     7.41144500
N      0.00000000     3.52666668     8.64668600
N      1.57800000     0.88166668     8.64668600
N      3.15600000     3.52666668     8.64668600
N      4.73400000     0.88166668     8.64668600
N      6.31200000     3.52666668     8.64668600
N      7.89000000     0.88166668     8.64668600
N      9.46800000     3.52666668     8.64668600
N     11.04600000     0.88166668     8.64668600
N     12.62400000     3.52666668     8.64668600
N     14.20200000     0.88166668     8.64668600
Ti     0.00000000     1.76333332     9.88192700
Ti     1.57800000     4.40833332     9.88192700
Ti     3.15600000     1.76333332     9.88192700
Ti     4.73400000     4.40833332     9.88192700
Ti     6.31200000     1.76333332     9.88192700
Ti     7.89000000     4.40833332     9.88192700
Ti     9.46800000     1.76333332     9.88192700
Ti    11.04600000     4.40833332     9.88192700
Ti    12.62400000     1.76333332     9.88192700
Ti    14.20200000     4.40833332     9.88192700
O      3.82419285     2.26270073    11.93192700
O      9.08419285     2.26270073    11.93192700
O     14.34419285     2.26270073    11.93192700
O      0.48670505     5.27271073    12.70475168
O      5.74670505     5.27271073    12.70475168
O     11.00670505     5.27271073    12.70475168
Hf     2.24057007     1.11265473    12.94652048
Hf     7.50057007     1.11265473    12.94652048
Hf    12.76057007     1.11265473    12.94652048
Hf     4.53214633     3.75765473    13.39246121
Hf     9.79214633     3.75765473    13.39246121
Hf    15.05214633     3.75765473    13.39246121
O      1.02601135     2.62771073    13.63423001
O      6.28601135     2.62771073    13.63423001
O     11.54601135     2.62771073    13.63423001
O      2.94852356     4.90770073    14.40705469
O      8.20852356     4.90770073    14.40705469
O     13.46852356     4.90770073    14.40705469
O      3.38876111     2.18864073    14.54282118
O      8.64876111     2.18864073    14.54282118
O     13.90876111     2.18864073    14.54282118
O      0.05127331     4.46863073    15.31564586
O      5.31127331     4.46863073    15.31564586
O     10.57127331     4.46863073    15.31564586
Hf     1.80513833     3.33868673    15.55741466
Hf     7.06513833     3.33868673    15.55741466
Hf    12.32513833     3.33868673    15.55741466
Hf     4.09671459     0.69368673    16.00335539
Hf     9.35671459     0.69368673    16.00335539
Hf    14.61671459     0.69368673    16.00335539
O      0.59057961     1.82363073    16.24512419
O      5.85057961     1.82363073    16.24512419
O     11.11057961     1.82363073    16.24512419
O      2.51309181     4.83364073    17.01794887
O      7.77309181     4.83364073    17.01794887
O     13.03309181     4.83364073    17.01794887
O      2.95332936     2.26270073    17.15371537
O      8.21332936     2.26270073    17.15371537
O     13.47332936     2.26270073    17.15371537
O      4.87584157     5.27271073    17.92654005
O     10.13584157     5.27271073    17.92654005
O     15.39584157     5.27271073    17.92654005
Hf     1.36970659     1.11265473    18.16830885
Hf     6.62970659     1.11265473    18.16830885
Hf    11.88970659     1.11265473    18.16830885
Hf     3.66128285     3.75765473    18.61424958
Hf     8.92128285     3.75765473    18.61424958
Hf    14.18128285     3.75765473    18.61424958
O      0.15514787     2.62771073    18.85601838
O      5.41514787     2.62771073    18.85601838
O     10.67514787     2.62771073    18.85601838
O      2.07766007     4.90770073    19.62884306
O      7.33766007     4.90770073    19.62884306
O     12.59766007     4.90770073    19.62884306
O      2.51789762     2.18864073    19.76460955
O      7.77789762     2.18864073    19.76460955
O     13.03789762     2.18864073    19.76460955
O      4.44040983     4.46863073    20.53743423
O      9.70040983     4.46863073    20.53743423
O     14.96040983     4.46863073    20.53743423
Hf     0.93427485     3.33868673    20.77920303
Hf     6.19427485     3.33868673    20.77920303
Hf    11.45427485     3.33868673    20.77920303
Hf     3.22585111     0.69368673    21.22514376
Hf     8.48585111     0.69368673    21.22514376
Hf    13.74585111     0.69368673    21.22514376
O      4.97971613     1.82363073    21.46691256
O     10.23971613     1.82363073    21.46691256
O     15.49971613     1.82363073    21.46691256
O      1.64222833     4.83364073    22.23973724
O      6.90222833     4.83364073    22.23973724
O     12.16222833     4.83364073    22.23973724
K_POINTS automatic
1 1 1 0 0 0
